
                             ms010-mesh0025-ti                                                                                                                  
                  X               mefiled         ms04-mesh0025       ms04-mesh010       ms04-mesh015      ms04-meshorig      ms07-mesh0025           orig      

                0.                 0.                 0.                 0.                 0.                 0.                 0.                 0.         
               75.0031E-06         0.                -2.40396E+03        0.                 0.                 0.                -1.34461E+03        0.         
               75.2413E-06        -4.89426           -2.4116E+03         0.                 0.                 0.                -1.34889E+03       -4.89426    
               75.4245E-06        -8.65613           -2.41747E+03      -10.8004             0.                 0.                -1.35217E+03       -8.65613    
               76.0803E-06       -22.1266            -2.43849E+03      -49.4745           -32.8538             0.                -1.36393E+03      -22.1266     
              150.002E-06         -1.54052E+03       -4.80778E+03       -4.40882E+03       -3.73614E+03       -4.07913E+03       -2.68915E+03       -1.54052E+03
              150.033E-06         -1.54089E+03       -4.80877E+03       -4.41064E+03       -3.73769E+03       -4.08083E+03       -2.68971E+03       -1.54089E+03
              150.109E-06         -1.54182E+03       -4.81122E+03       -4.40839E+03       -3.74151E+03       -4.08504E+03       -2.69107E+03       -1.54182E+03
              150.262E-06         -1.54369E+03       -4.81613E+03       -4.40386E+03       -3.7492E+03        -4.09351E+03       -2.68983E+03       -1.54369E+03
              150.385E-06         -1.54518E+03       -4.82005E+03       -4.40025E+03       -3.75533E+03       -4.08732E+03       -2.68883E+03       -1.54518E+03
              150.423E-06         -1.54564E+03       -4.82127E+03       -4.39914E+03       -3.75552E+03       -4.0854E+03        -2.68852E+03       -1.54564E+03
              225.002E-06         -2.45303E+03      -16.2274E+03        -2.19802E+03       -4.12524E+03     -311.169             -2.08224E+03       -2.45303E+03
              225.343E-06         -2.45521E+03      -16.2795E+03        -2.18797E+03       -4.12692E+03     -293.935             -2.07947E+03       -2.45521E+03
              225.951E-06         -2.4591E+03       -16.3725E+03        -2.17002E+03       -4.13415E+03     -263.159             -2.07452E+03       -2.4591E+03 
              226.145E-06         -2.46035E+03      -16.4021E+03        -2.17563E+03       -4.13645E+03     -253.342             -2.07295E+03       -2.46035E+03
              300.E-06            -2.93328E+03      -27.6975E+03        -4.31192E+03       -5.01384E+03       -4.67851E+03       -1.47255E+03       -2.93328E+03
              300.078E-06         -2.93351E+03      -27.7094E+03        -4.31418E+03       -5.01476E+03       -4.68318E+03       -1.47191E+03       -2.93351E+03
              300.497E-06         -2.93471E+03      -27.7734E+03        -4.32629E+03       -5.01974E+03       -4.70827E+03       -1.47637E+03       -2.93471E+03
              300.593E-06         -2.93499E+03      -27.7876E+03        -4.32906E+03       -5.02088E+03       -4.71401E+03       -1.47739E+03       -2.93499E+03
              300.631E-06         -2.9351E+03       -27.7932E+03        -4.33015E+03       -5.02132E+03       -4.71369E+03       -1.47779E+03       -2.9351E+03 
              300.649E-06         -2.93515E+03      -27.7959E+03        -4.33068E+03       -5.02108E+03       -4.71353E+03       -1.47798E+03       -2.93515E+03
              375.001E-06         -3.14925E+03      -38.7917E+03        -2.65393E+03       -4.02834E+03       -4.07794E+03       -2.26838E+03       -3.14925E+03
              375.593E-06         -3.14792E+03      -38.8793E+03        -2.64058E+03       -4.02043E+03       -4.07288E+03       -2.27468E+03       -3.14792E+03
              375.631E-06         -3.14783E+03      -38.8848E+03        -2.63973E+03       -4.01993E+03       -4.07483E+03       -2.27508E+03       -3.14783E+03
              375.649E-06         -3.14779E+03      -38.8875E+03        -2.63932E+03       -4.01962E+03       -4.07578E+03       -2.27527E+03       -3.14779E+03
              450.E-06            -2.98043E+03      -49.8833E+03        -3.94303E+03       -2.74571E+03       -7.92092E+03       -3.06567E+03       -2.98043E+03
              450.078E-06         -2.98111E+03      -49.8948E+03        -3.9444E+03        -2.74437E+03       -7.92496E+03       -3.0665E+03        -2.98111E+03
              450.593E-06         -2.98561E+03      -49.9709E+03        -3.95342E+03       -2.73555E+03       -7.95157E+03       -3.06723E+03       -2.98561E+03
              450.631E-06         -2.98594E+03      -49.9765E+03        -3.95408E+03       -2.7349E+03        -7.95152E+03       -3.06729E+03       -2.98594E+03
              450.649E-06         -2.9861E+03       -49.9792E+03        -3.9544E+03        -2.73536E+03       -7.9515E+03        -3.06731E+03       -2.9861E+03 
              450.768E-06         -2.98714E+03      -49.9968E+03        -3.95295E+03       -2.7383E+03        -7.95134E+03       -3.06748E+03       -2.98714E+03
              525.E-06            -3.63629E+03      -42.5542E+03        -3.04228E+03       -4.57728E+03       -7.85092E+03       -3.1733E+03        -3.63629E+03
              525.593E-06         -3.63692E+03      -42.4948E+03        -3.03501E+03       -4.59197E+03       -7.85012E+03       -3.17415E+03       -3.63692E+03
              525.631E-06         -3.63696E+03      -42.491E+03         -3.03455E+03       -4.5929E+03        -7.85269E+03       -3.1742E+03        -3.63696E+03
              525.649E-06         -3.63698E+03      -42.4892E+03        -3.03432E+03       -4.59341E+03       -7.85394E+03       -3.17423E+03       -3.63698E+03
              600.E-06            -3.71602E+03      -35.0348E+03        -4.05038E+03       -6.6577E+03       -12.9233E+03        -3.28022E+03       -3.71602E+03
              600.078E-06         -3.71588E+03      -35.0269E+03        -4.05145E+03       -6.65988E+03      -12.9287E+03        -3.28033E+03       -3.71588E+03
              600.593E-06         -3.715E+03        -34.9753E+03        -4.05849E+03       -6.67416E+03      -12.9638E+03        -3.27997E+03       -3.715E+03  
              600.631E-06         -3.71494E+03      -34.9715E+03        -4.059E+03         -6.67521E+03      -12.9618E+03        -3.27995E+03       -3.71494E+03
              600.649E-06         -3.71491E+03      -34.9697E+03        -4.05925E+03       -6.67464E+03      -12.9608E+03        -3.27993E+03       -3.71491E+03
              600.768E-06         -3.7147E+03       -34.9578E+03        -4.06593E+03       -6.67097E+03      -12.9547E+03        -3.27985E+03       -3.7147E+03 
              675.E-06            -3.58739E+03      -32.0624E+03        -8.24614E+03       -4.37383E+03       -9.10621E+03       -3.22825E+03       -3.58739E+03
              675.593E-06         -3.59124E+03      -32.0393E+03        -8.27953E+03       -4.35548E+03       -9.07547E+03       -3.22783E+03       -3.59124E+03
              675.631E-06         -3.59148E+03      -32.0378E+03        -8.28165E+03       -4.35431E+03       -9.07713E+03       -3.22781E+03       -3.59148E+03
              675.649E-06         -3.5916E+03       -32.0371E+03        -8.28269E+03       -4.35475E+03       -9.07793E+03       -3.22779E+03       -3.5916E+03 
              750.E-06            -4.0738E+03       -29.137E+03         -5.00649E+03       -6.11337E+03      -12.3398E+03        -3.17611E+03       -4.0738E+03 
              750.078E-06         -4.07353E+03      -29.134E+03         -5.00304E+03       -6.11522E+03      -12.3432E+03        -3.17605E+03       -4.07353E+03
              750.593E-06         -4.07178E+03      -29.1139E+03        -4.98037E+03       -6.12739E+03      -12.3658E+03        -3.17578E+03       -4.07178E+03
              750.631E-06         -4.07165E+03      -29.1124E+03        -4.9787E+03        -6.12828E+03      -12.3629E+03        -3.17576E+03       -4.07165E+03
              750.649E-06         -4.07159E+03      -29.1117E+03        -4.9779E+03        -6.1279E+03       -12.3614E+03        -3.17575E+03       -4.07159E+03
              750.768E-06         -4.07118E+03      -29.1071E+03        -4.9757E+03        -6.12541E+03      -12.3521E+03        -3.17569E+03       -4.07118E+03
              825.E-06            -3.81831E+03      -24.5515E+03        -3.60286E+03       -4.57131E+03       -6.53635E+03       -3.1362E+03        -3.81831E+03
              825.593E-06         -3.81772E+03      -24.5151E+03        -3.5919E+03        -4.5589E+03        -6.4899E+03        -3.13589E+03       -3.81772E+03
              825.631E-06         -3.81768E+03      -24.5128E+03        -3.5912E+03        -4.55811E+03       -6.49245E+03       -3.13587E+03       -3.81768E+03
              825.649E-06         -3.81766E+03      -24.5117E+03        -3.59086E+03       -4.55823E+03       -6.49369E+03       -3.13586E+03       -3.81766E+03
              900.E-06            -3.74392E+03      -19.9488E+03        -4.80071E+03       -5.01622E+03      -11.508E+03         -3.09631E+03       -3.74392E+03
              900.078E-06         -3.74374E+03      -19.944E+03         -4.80198E+03       -5.0167E+03       -11.5132E+03        -3.09627E+03       -3.74374E+03
              900.593E-06         -3.74255E+03      -19.9124E+03        -4.81036E+03       -5.01987E+03      -11.5479E+03        -3.09568E+03       -3.74255E+03
              900.631E-06         -3.74246E+03      -19.9101E+03        -4.81097E+03       -5.02011E+03      -11.5514E+03        -3.09564E+03       -3.74246E+03
              900.649E-06         -3.74242E+03      -19.909E+03         -4.81127E+03       -5.02021E+03      -11.5531E+03        -3.09562E+03       -3.74242E+03
              900.768E-06         -3.74215E+03      -19.9017E+03        -4.8099E+03        -5.02089E+03      -11.5641E+03        -3.09548E+03       -3.74215E+03
              975.E-06            -3.57092E+03      -32.2225E+03        -3.95282E+03       -5.44507E+03      -18.4128E+03        -3.01079E+03       -3.57092E+03
              975.593E-06         -3.56974E+03      -32.3209E+03        -3.94597E+03       -5.44846E+03      -18.4674E+03        -3.01011E+03       -3.57092E+03
              975.631E-06         -3.56966E+03      -32.3272E+03        -3.94554E+03       -5.44867E+03      -18.46E+03          -3.01007E+03       -3.57092E+03
              975.649E-06         -3.56962E+03      -32.3302E+03        -3.94533E+03       -5.44923E+03      -18.4564E+03        -3.01005E+03       -3.57092E+03
                1.05E-03          -3.42149E+03      -44.6707E+03        -3.54633E+03       -7.71196E+03       -3.85459E+03       -2.92522E+03       -3.57092E+03
                1.05008E-03       -3.42187E+03      -44.6837E+03        -3.54591E+03       -7.71434E+03       -3.83922E+03       -2.92513E+03       -3.57092E+03
                1.05059E-03       -3.42432E+03      -44.7691E+03        -3.54315E+03       -7.73E+03          -3.73815E+03       -2.93097E+03       -3.57092E+03
                1.05063E-03       -3.4245E+03       -44.7754E+03        -3.54295E+03       -7.73115E+03       -3.74024E+03       -2.9314E+03        -3.57092E+03
                1.05065E-03       -3.42459E+03      -44.7784E+03        -3.54285E+03       -7.73255E+03       -3.74126E+03       -2.93161E+03       -3.57092E+03
                1.05077E-03       -3.42515E+03      -44.7981E+03        -3.54643E+03       -7.74162E+03       -3.74785E+03       -2.93296E+03       -3.57092E+03
                1.125E-03         -3.77875E+03      -31.7645E+03        -5.78449E+03      -13.4135E+03        -7.87186E+03       -3.77545E+03       -3.57092E+03
                1.12559E-03       -3.78132E+03      -31.6604E+03        -5.80237E+03      -13.4588E+03        -7.9048E+03        -3.78218E+03       -3.57092E+03
                1.12563E-03       -3.78149E+03      -31.6538E+03        -5.8035E+03       -13.4617E+03        -7.90754E+03       -3.7826E+03        -3.57092E+03
                1.12565E-03       -3.78157E+03      -31.6505E+03        -5.80406E+03      -13.4601E+03        -7.90888E+03       -3.78281E+03       -3.57092E+03
                1.2E-03           -4.10404E+03      -18.5961E+03        -4.42834E+03       -7.23762E+03      -13.3226E+03        -4.62665E+03       -3.57092E+03
                1.20008E-03       -4.10392E+03      -18.5823E+03        -4.4269E+03        -7.23107E+03      -13.3283E+03        -4.62754E+03       -3.57092E+03
                1.20059E-03       -4.10315E+03      -18.492E+03         -4.41737E+03       -7.188E+03        -13.3658E+03        -4.62372E+03       -3.57092E+03
                1.20063E-03       -4.10309E+03      -18.4853E+03        -4.41668E+03       -7.18485E+03      -13.3655E+03        -4.62344E+03       -3.57092E+03
                1.20065E-03       -4.10307E+03      -18.4821E+03        -4.41634E+03       -7.18449E+03      -13.3653E+03        -4.6233E+03        -3.57092E+03
                1.20077E-03       -4.10289E+03      -18.4613E+03        -4.41547E+03       -7.18215E+03      -13.3644E+03        -4.62242E+03       -3.57092E+03
                1.275E-03         -3.99182E+03      -22.719E+03         -3.87257E+03       -5.72061E+03      -12.7871E+03        -4.07138E+03       -3.57092E+03
                1.27559E-03       -3.98832E+03      -22.753E+03         -3.86824E+03       -5.70894E+03      -12.7825E+03        -4.06697E+03       -3.57092E+03
                1.27563E-03       -3.9881E+03       -22.7551E+03        -3.86796E+03       -5.7082E+03       -12.7792E+03        -4.06669E+03       -3.57092E+03
                1.27565E-03       -3.98799E+03      -22.7562E+03        -3.86783E+03       -5.70831E+03      -12.7777E+03        -4.06656E+03       -3.57092E+03
                1.35E-03          -3.54912E+03      -27.0207E+03        -3.79746E+03       -6.14852E+03       -6.29509E+03       -3.51463E+03       -3.57092E+03
                1.35008E-03       -3.5491E+03       -27.0252E+03        -3.79738E+03       -6.14899E+03       -6.28827E+03       -3.51405E+03       -3.57092E+03
                1.35059E-03       -3.54895E+03      -27.0547E+03        -3.79689E+03       -6.15203E+03       -6.24339E+03       -3.51364E+03       -3.57092E+03
                1.35063E-03       -3.54894E+03      -27.0569E+03        -3.79686E+03       -6.15226E+03       -6.24242E+03       -3.51361E+03       -3.57092E+03
                1.35065E-03       -3.54893E+03      -27.0579E+03        -3.79684E+03       -6.15268E+03       -6.24195E+03       -3.5136E+03        -3.57092E+03
                1.35077E-03       -3.5489E+03       -27.0647E+03        -3.79901E+03       -6.15546E+03       -6.23888E+03       -3.5135E+03        -3.57092E+03
                1.425E-03         -3.52709E+03      -28.7153E+03        -5.15579E+03       -7.88892E+03       -4.32208E+03       -3.45437E+03       -3.57092E+03
                1.42559E-03       -3.5294E+03       -28.7285E+03        -5.16662E+03       -7.90276E+03       -4.30677E+03       -3.4539E+03        -3.57092E+03
                1.42563E-03       -3.52955E+03      -28.7293E+03        -5.16731E+03       -7.90364E+03       -4.31184E+03       -3.45387E+03       -3.57092E+03
                1.42565E-03       -3.52962E+03      -28.7298E+03        -5.16764E+03       -7.90341E+03       -4.3143E+03        -3.45385E+03       -3.57092E+03
                1.5E-03           -3.8198E+03       -30.383E+03         -4.43886E+03       -6.93681E+03      -14.3102E+03        -3.39462E+03       -3.57092E+03




